44.21,0.41
44.31,0.42
44.41,0.42
44.51,0.42
44.62,0.42
44.71,0.42
44.81,0.42
44.91,0.42
45.01,0.42
45.11,0.42
45.21,0.42
45.32,0.42
45.41,0.42
45.51,0.42
45.61,0.42
45.70,0.42
45.81,0.42
45.91,0.42
46.02,0.42
46.11,0.42
46.20,0.42
46.32,0.42
46.41,0.42
46.51,0.42
46.61,0.43
46.71,0.43
46.81,0.43
46.91,0.43
47.02,0.43
47.10,0.43
47.21,0.43
47.31,0.43
47.40,0.43
47.51,0.43
47.60,0.44
47.72,0.44
47.81,0.44
47.92,0.44
48.01,0.44
48.11,0.45
48.21,0.45
48.30,0.45
48.41,0.45
48.52,0.45
48.61,0.45
48.71,0.45
48.81,0.45
48.90,0.45
49.03,0.45
49.13,0.45
49.23,0.45
49.33,0.45
49.43,0.46
49.53,0.46
49.63,0.46
49.73,0.46
49.82,0.46
49.93,0.46
50.02,0.46
50.14,0.46
50.22,0.46
50.34,0.46
50.44,0.47
50.54,0.47
50.64,0.47
50.74,0.47
50.82,0.48
50.94,0.48
51.04,0.48
51.12,0.48
51.25,0.48
51.36,0.48
51.44,0.49
51.55,0.49
51.65,0.49
51.75,0.49
51.85,0.49
51.96,0.49
52.05,0.49
52.15,0.49
52.25,0.49
52.35,0.49
52.46,0.50
52.56,0.50
52.64,0.50
52.74,0.50
52.85,0.50
52.96,0.51
53.05,0.51
53.15,0.51
53.25,0.51
53.34,0.51
53.46,0.51
53.55,0.51
53.64,0.51
53.74,0.52
53.87,0.52
53.97,0.52
54.06,0.52
54.19,0.53
54.29,0.53
54.39,0.53
54.49,0.53
54.59,0.54
54.69,0.54
54.79,0.54
54.88,0.54
55.00,0.54
55.09,0.54
55.19,0.55
55.29,0.55
55.39,0.55
55.50,0.55
55.59,0.56
55.69,0.56
55.79,0.56
55.89,0.56
55.98,0.56
56.09,0.56
56.20,0.56
56.28,0.56
56.38,0.56
56.47,0.56
56.61,0.56
56.71,0.56
56.81,0.56
56.91,0.56
57.01,0.56
57.11,0.56
57.21,0.56
57.31,0.56
57.40,0.56
57.51,0.56
57.61,0.56
57.71,0.56
57.81,0.56
57.91,0.56
58.01,0.56
58.11,0.56
58.20,0.56
58.31,0.56
58.41,0.56
58.51,0.56
58.60,0.57
58.71,0.57
58.81,0.57
58.90,0.57
59.01,0.57
59.12,0.57
59.21,0.57
59.31,0.57
59.41,0.57
59.51,0.57
59.60,0.57
59.71,0.57
59.80,0.57
59.91,0.57
60.01,0.57
60.11,0.56
60.21,0.56
60.31,0.56
60.40,0.56
60.51,0.56
60.61,0.56
60.71,0.55
60.82,0.55
60.91,0.55
61.01,0.55
61.11,0.55
61.20,0.55
61.31,0.55
61.41,0.55
61.51,0.55
61.60,0.55
61.72,0.55
61.82,0.55
61.90,0.55
62.00,0.55
62.12,0.56
62.21,0.56
62.31,0.56
62.40,0.56
62.52,0.57
62.61,0.57
62.71,0.57
62.81,0.57
62.91,0.58
63.00,0.58
63.13,0.58
63.23,0.58
63.33,0.58
63.43,0.59
63.53,0.59
63.63,0.59
63.73,0.59
63.83,0.59
63.93,0.59
64.03,0.59
64.12,0.59
64.23,0.59
64.33,0.59
64.43,0.59
64.53,0.59
64.63,0.59
64.74,0.59
64.81,0.59
64.95,0.59
65.05,0.59
65.15,0.59
65.25,0.59
65.34,0.59
65.47,0.59
65.57,0.59
65.67,0.59
65.77,0.59
65.86,0.59
65.96,0.58
66.07,0.58
66.17,0.58
66.27,0.58
66.37,0.58
66.47,0.58
66.57,0.58
66.67,0.57
66.77,0.57
66.87,0.57
66.97,0.57
67.07,0.57
67.17,0.56
67.27,0.56
67.37,0.56
67.47,0.56
67.57,0.56
67.67,0.56
67.77,0.55
67.87,0.55
67.97,0.55
68.07,0.55
68.17,0.55
68.27,0.55
68.37,0.54
68.47,0.54
68.57,0.54
68.67,0.54
68.77,0.54
68.87,0.54
68.97,0.54
69.07,0.54
69.17,0.54
69.27,0.54
69.37,0.54
69.47,0.54
69.58,0.54
69.67,0.54
69.77,0.54
69.87,0.55
69.97,0.55
70.07,0.55
70.18,0.55
70.27,0.55
70.37,0.55
70.47,0.55
70.56,0.55
70.67,0.55
70.77,0.55
70.86,0.56
70.97,0.56
71.06,0.56
71.17,0.56
71.27,0.56
71.37,0.56
71.47,0.57
71.57,0.57
71.67,0.57
71.77,0.57
71.87,0.57
71.97,0.57
72.07,0.57
72.17,0.57
72.27,0.57
72.37,0.58
72.47,0.58
72.57,0.58
72.67,0.58
72.77,0.58
72.87,0.58
72.97,0.58
73.07,0.59
73.17,0.59
73.26,0.59
73.35,0.59
73.49,0.59
73.59,0.60
73.69,0.60
73.79,0.60
73.89,0.60
73.99,0.61
74.08,0.61
74.19,0.61
74.29,0.62
74.40,0.62
74.49,0.62
74.59,0.63
74.68,0.63
74.78,0.63
74.89,0.64
74.98,0.64
75.09,0.65
75.19,0.65
75.29,0.66
75.39,0.66
75.49,0.66
75.59,0.67
75.69,0.67
75.78,0.67
75.89,0.67
75.99,0.67
76.08,0.67
76.17,0.67
76.31,0.67
76.41,0.67
76.51,0.66
76.61,0.66
76.71,0.66
76.81,0.66
76.91,0.66
77.01,0.66
77.10,0.67
77.21,0.67
77.31,0.67
77.41,0.67
77.51,0.67
77.61,0.67
77.71,0.68
77.81,0.68
77.91,0.68
78.01,0.68
78.11,0.69
78.21,0.69
78.31,0.69
78.41,0.69
78.51,0.69
78.60,0.69
78.71,0.69
78.81,0.69
78.91,0.69
79.01,0.69
79.11,0.69
79.21,0.69
79.31,0.69
79.41,0.69
79.51,0.69
79.61,0.69
79.70,0.69
79.81,0.69
79.91,0.69
79.99,0.70
80.13,0.70
80.23,0.70
80.33,0.70
80.43,0.70
80.53,0.71
80.63,0.71
80.74,0.71
80.83,0.71
80.93,0.71
81.03,0.71
81.13,0.71
81.23,0.72
81.33,0.72
81.43,0.72
81.53,0.72
81.63,0.72
81.73,0.72
81.83,0.72
81.93,0.73
82.03,0.73
82.13,0.73
82.23,0.73
82.33,0.73
82.43,0.73
82.53,0.73
82.63,0.73
82.73,0.73
82.82,0.73
82.92,0.73
83.03,0.73
83.13,0.73
83.23,0.73
83.33,0.73
83.43,0.73
83.52,0.73
83.63,0.72
83.73,0.72
83.83,0.72
83.93,0.72
84.03,0.72
84.13,0.72
84.23,0.72
84.32,0.72
84.43,0.72
84.53,0.73
84.64,0.73
84.73,0.73
84.83,0.73
84.93,0.73
85.03,0.73
85.13,0.74
85.23,0.74
85.33,0.74
85.43,0.74
85.51,0.74
85.65,0.75
85.76,0.75
85.85,0.75
85.96,0.75
86.05,0.75
86.14,0.75
86.25,0.76
86.35,0.76
86.45,0.76
86.55,0.76
86.64,0.76
86.75,0.76
86.85,0.76
86.95,0.76
87.05,0.76
87.15,0.76
87.25,0.76
87.35,0.76
87.45,0.76
87.55,0.76
87.65,0.76
87.74,0.76
87.85,0.76
87.95,0.76
88.05,0.75
88.15,0.75
88.25,0.75
88.35,0.75
88.46,0.74
88.56,0.74
88.65,0.74
88.75,0.74
88.85,0.73
88.95,0.73
89.04,0.73
89.16,0.73
89.25,0.72
89.35,0.72
89.45,0.72
89.55,0.72
89.65,0.71
89.75,0.71
89.85,0.71
89.94,0.71
90.04,0.70
90.15,0.70
90.24,0.70
90.35,0.70
90.45,0.70
90.55,0.69
90.65,0.69
90.75,0.69
90.85,0.69
90.96,0.69
91.05,0.69
91.15,0.69
91.24,0.69
91.34,0.69
91.45,0.69
91.55,0.69
91.66,0.69
91.75,0.69
91.84,0.69
91.96,0.70
92.07,0.70
92.17,0.70
92.27,0.70
92.37,0.71
92.47,0.71
92.58,0.71
92.68,0.71
92.78,0.72
92.87,0.72
92.98,0.72
93.07,0.72
93.17,0.72
93.28,0.72
93.36,0.73
93.48,0.73
93.57,0.73
93.66,0.73
93.77,0.73
93.87,0.73
93.97,0.73
94.07,0.73
94.17,0.73
94.27,0.73
94.37,0.74
94.46,0.74
94.56,0.74
94.66,0.74
94.76,0.74
94.86,0.74
94.97,0.74
95.07,0.74
95.17,0.74
95.27,0.74
95.36,0.74
95.49,0.74
95.59,0.74
95.69,0.74
95.79,0.74
95.89,0.74
95.98,0.75
96.09,0.75
96.19,0.75
96.29,0.75
96.40,0.75
96.49,0.75
96.59,0.76
96.68,0.76
96.80,0.76
96.90,0.76
96.98,0.76
97.09,0.77
97.18,0.77
97.28,0.77
97.39,0.77
97.49,0.78
97.59,0.78
97.69,0.78
97.79,0.78
97.89,0.79
97.99,0.79
98.08,0.79
98.18,0.79
98.31,0.79
98.40,0.80
98.51,0.80
98.61,0.80
98.71,0.80
98.81,0.80
98.91,0.80
99.00,0.80
99.11,0.80
99.21,0.80
99.31,0.80
99.41,0.80
99.51,0.80
99.61,0.80
99.70,0.80
99.81,0.80
99.90,0.80
100.01,0.80
100.11,0.80
100.21,0.81
100.30,0.81
100.42,0.81
100.53,0.81
100.62,0.81
100.72,0.81
100.83,0.81
100.93,0.81
101.03,0.81
101.13,0.81
101.23,0.81
101.33,0.81
101.43,0.81
101.53,0.81
101.63,0.81
101.73,0.81
101.83,0.81
101.93,0.81
102.03,0.81
102.13,0.81
102.23,0.81
102.33,0.80
102.43,0.80
102.53,0.80
102.63,0.80
102.73,0.80
102.83,0.80
102.93,0.80
103.03,0.80
103.13,0.80
103.23,0.80
103.33,0.80
103.43,0.80
103.53,0.80
103.63,0.80
103.73,0.80
103.83,0.80
103.93,0.80
104.03,0.80
104.13,0.80
104.23,0.80
104.33,0.80
104.43,0.80
104.53,0.80
104.64,0.80
104.73,0.80
104.83,0.80
104.93,0.80
105.03,0.80
105.13,0.80
105.23,0.80
105.33,0.80
105.43,0.80
105.53,0.80
105.63,0.80
105.73,0.79
105.83,0.79
105.93,0.79
106.03,0.79
106.12,0.78
106.25,0.78
106.35,0.78
106.45,0.78
106.55,0.78
106.65,0.78
106.75,0.78
106.85,0.78
106.95,0.78
107.05,0.78
107.15,0.78
107.25,0.78
107.35,0.78
107.45,0.78
107.55,0.79
107.65,0.79
107.75,0.79
107.85,0.79
107.95,0.79
108.05,0.80
108.15,0.80
108.25,0.80
108.35,0.80
108.45,0.81
108.55,0.81
108.65,0.81
108.74,0.81
108.85,0.81
108.95,0.81
109.05,0.81
109.15,0.81
109.25,0.82
109.35,0.82
109.45,0.82
109.55,0.82
109.65,0.82
109.75,0.82
109.85,0.82
109.95,0.82
110.05,0.82
110.15,0.82
110.26,0.82
110.35,0.83
110.45,0.83
110.55,0.83
110.65,0.83
110.75,0.83
110.86,0.83
110.95,0.83
111.05,0.83
111.15,0.82
111.25,0.82
111.35,0.82
111.45,0.82
111.55,0.82
111.65,0.82
111.75,0.81
111.85,0.81
111.95,0.81
112.06,0.81
112.15,0.81
112.24,0.81
112.35,0.80
112.44,0.80
112.55,0.80
112.64,0.80
112.77,0.80
112.87,0.80
112.97,0.80
113.07,0.80
113.17,0.80
113.27,0.80
113.37,0.80
113.47,0.80
113.57,0.80
113.67,0.80
113.77,0.80
113.87,0.80
113.97,0.80
114.07,0.80
114.17,0.80
114.27,0.80
114.37,0.80
114.47,0.80
114.57,0.81
114.68,0.81
114.77,0.81
114.87,0.81
114.97,0.81
115.08,0.81
115.17,0.81
115.28,0.82
115.37,0.82
115.47,0.82
115.57,0.82
115.68,0.82
115.77,0.82
115.87,0.83
115.98,0.83
116.08,0.83
116.17,0.83
116.28,0.83
116.37,0.84
116.47,0.84
116.56,0.84
116.67,0.84
116.77,0.84
116.87,0.84
116.97,0.84
117.06,0.84
117.17,0.85
117.27,0.85
117.38,0.85
117.47,0.85
117.57,0.85
117.67,0.85
117.77,0.85
117.87,0.85
117.97,0.85
118.07,0.85
118.17,0.85
118.27,0.85
118.37,0.85
118.47,0.85
118.58,0.84
118.68,0.84
118.78,0.84
118.86,0.84
118.98,0.84
119.07,0.84
119.18,0.84
119.28,0.84
119.38,0.84
119.47,0.84
119.57,0.84
119.68,0.84
119.77,0.84
119.87,0.84
119.97,0.84
120.07,0.84
120.16,0.84
120.26,0.84
120.39,0.84
120.49,0.84
120.60,0.85
120.69,0.85
120.78,0.85
120.90,0.85
120.99,0.85
121.08,0.85
121.19,0.85
121.29,0.85
121.38,0.85
121.49,0.85
121.59,0.86
121.69,0.86
121.79,0.86
121.89,0.86
121.99,0.86
122.09,0.86
122.19,0.87
122.29,0.87
122.40,0.87
122.49,0.87
122.59,0.87
122.69,0.88
122.79,0.88
122.89,0.88
122.99,0.88
123.09,0.88
123.19,0.89
123.30,0.89
123.40,0.89
123.49,0.89
123.60,0.89
123.69,0.89
123.80,0.89
123.89,0.89
123.98,0.90
124.09,0.90
124.18,0.90
124.28,0.90
124.40,0.90
124.49,0.90
124.58,0.90
124.71,0.90
124.81,0.90
124.92,0.90
125.02,0.90
125.12,0.90
125.21,0.90
125.32,0.90
125.41,0.90
125.51,0.90
125.61,0.90
125.71,0.90
125.81,0.90
125.91,0.90
126.00,0.90
126.13,0.90
126.23,0.90
126.33,0.90
126.43,0.90
126.54,0.90
126.63,0.90
126.73,0.90
126.83,0.90
126.93,0.90
127.03,0.90
127.13,0.90
127.24,0.90
127.33,0.90
127.43,0.90
127.53,0.90
127.63,0.90
127.73,0.90
127.83,0.90
127.93,0.90
128.03,0.90
128.13,0.90
128.22,0.90
128.33,0.90
128.43,0.90
128.52,0.90
128.63,0.90
128.74,0.90
128.82,0.90
128.93,0.90
129.04,0.90
129.14,0.90
129.23,0.90
129.33,0.90
129.43,0.90
129.53,0.90
129.63,0.90
129.73,0.90
129.83,0.90
129.94,0.90
130.03,0.89
130.13,0.89
130.23,0.89
130.33,0.89
130.43,0.89
130.53,0.88
130.63,0.88
130.73,0.88
130.83,0.88
130.93,0.88
131.03,0.88
131.12,0.88
131.23,0.88
131.33,0.87
131.43,0.87
131.53,0.87
131.62,0.87
131.73,0.87
131.83,0.88
131.93,0.88
132.03,0.88
132.13,0.88
132.23,0.88
132.33,0.88
132.43,0.88
132.54,0.88
132.63,0.88
132.74,0.89
132.84,0.89
132.94,0.89
133.02,0.89
133.15,0.89
133.26,0.89
133.35,0.89
133.44,0.89
133.55,0.90
133.65,0.90
133.75,0.90
133.85,0.90
133.95,0.90
134.05,0.90
134.15,0.90
134.25,0.90
134.35,0.90
134.45,0.90
134.54,0.90
134.66,0.90
134.75,0.90
134.85,0.90
134.96,0.90
135.06,0.90
135.15,0.90
135.25,0.90
135.36,0.90
135.46,0.90
135.54,0.90
135.66,0.89
135.75,0.89
135.85,0.89
135.95,0.89
136.05,0.89
136.14,0.89
136.25,0.89
136.34,0.90
136.47,0.90
136.57,0.90
136.66,0.90
136.76,0.90
136.87,0.90
136.97,0.90
137.07,0.90
137.17,0.90
137.27,0.90
137.38,0.90
137.47,0.90
137.57,0.90
137.67,0.90
137.77,0.90
137.87,0.90
137.97,0.90
138.07,0.90
138.17,0.90
138.26,0.90
138.37,0.90
138.47,0.90
138.57,0.90
138.67,0.90
138.77,0.90
138.87,0.90
138.98,0.90
139.08,0.90
139.17,0.90
139.26,0.90
139.38,0.90
139.47,0.90
139.57,0.90
139.67,0.90
139.77,0.90
139.87,0.90
139.98,0.90
140.07,0.90
140.17,0.90
140.27,0.91
140.37,0.91
140.47,0.91
140.58,0.91
140.67,0.91
140.78,0.91
140.88,0.91
140.98,0.91
141.08,0.91
141.16,0.91
141.29,0.91
141.39,0.91
141.49,0.92
141.59,0.92
141.69,0.92
141.79,0.92
141.89,0.92
141.99,0.92
142.09,0.92
142.20,0.92
142.29,0.92
142.40,0.92
142.48,0.92
142.59,0.92
142.69,0.92
142.79,0.92
142.90,0.92
142.99,0.92
143.09,0.92
143.20,0.92
143.28,0.92
143.38,0.92
143.49,0.92
143.59,0.92
143.65,0.92
143.71,0.92
143.93,0.92
144.02,0.92
144.12,0.92
144.25,0.92
144.36,0.92
144.44,0.92
144.54,0.92
144.65,0.92
144.75,0.92
144.85,0.92
144.93,0.92
145.07,0.92
145.17,0.92
145.27,0.92
145.37,0.92
145.47,0.92
145.56,0.92
145.67,0.92
145.77,0.92
145.86,0.92
145.97,0.92
146.07,0.92
146.16,0.92
146.28,0.92
146.38,0.92
146.49,0.92
146.59,0.92
146.69,0.92
146.80,0.92
146.88,0.92
146.98,0.92
147.09,0.92
147.18,0.92
147.28,0.92
147.39,0.92
147.49,0.92
147.59,0.92
147.69,0.92
147.79,0.92
147.88,0.92
147.99,0.92
148.08,0.92
148.19,0.92
148.28,0.92
148.38,0.92
148.48,0.92
148.59,0.92
148.69,0.92
148.79,0.92
148.89,0.92
148.99,0.92
149.09,0.92
149.19,0.92
149.29,0.92
149.39,0.92
149.49,0.92
149.59,0.92
149.69,0.92
149.79,0.92
149.89,0.92
149.99,0.92
150.09,0.92
150.19,0.92
150.29,0.92
150.39,0.92
150.49,0.92
150.60,0.92
150.69,0.92
150.79,0.92
150.89,0.92
150.99,0.92
151.08,0.92
151.19,0.92
151.29,0.92
151.40,0.92
151.49,0.92
151.59,0.92
151.70,0.92
151.79,0.92
151.89,0.92
151.99,0.92
152.09,0.92
152.18,0.92
152.31,0.92
152.41,0.92
152.51,0.92
152.61,0.92
152.71,0.91
152.82,0.91
152.91,0.91
153.00,0.91
153.11,0.91
153.21,0.91
153.30,0.91
153.41,0.91
153.51,0.92
153.61,0.92
153.71,0.92
153.81,0.92
153.92,0.92
154.01,0.92
154.11,0.92
154.21,0.92
154.31,0.92
154.40,0.92
154.51,0.92
154.61,0.92
154.72,0.92
154.81,0.92
154.91,0.92
155.01,0.92
155.11,0.92
155.21,0.92
155.31,0.92
155.41,0.92
155.50,0.92
155.61,0.92
155.71,0.92
155.80,0.92
155.93,0.92
156.02,0.92
156.14,0.92
156.23,0.92
156.33,0.92
156.43,0.93
156.53,0.93
156.63,0.93
156.72,0.93
156.83,0.93
156.93,0.93
157.02,0.93
157.13,0.93
157.23,0.93
157.33,0.93
157.43,0.93
157.53,0.93
157.63,0.93
157.74,0.93
157.83,0.93
157.93,0.93
158.04,0.93
158.13,0.93
158.23,0.93
158.33,0.93
158.43,0.93
158.53,0.93
158.63,0.93
158.73,0.93
158.83,0.93
158.93,0.93
159.03,0.93
159.14,0.93
159.23,0.93
159.33,0.93
159.43,0.93
159.53,0.93
159.63,0.93
159.73,0.93
159.83,0.93
159.93,0.93
160.03,0.93
160.13,0.93
160.22,0.93
160.33,0.94
160.43,0.94
160.52,0.94
160.64,0.94
160.74,0.94
160.86,0.94
160.95,0.94
161.05,0.94
161.14,0.94
161.25,0.94
161.34,0.94
161.45,0.94
161.55,0.94
161.66,0.94
161.75,0.94
161.85,0.94
161.96,0.94
162.05,0.94
162.15,0.94
162.25,0.94
162.35,0.94
162.45,0.94
162.55,0.94
162.65,0.94
162.75,0.94
162.84,0.94
162.95,0.94
163.06,0.94
163.15,0.94
163.25,0.94
163.35,0.94
163.45,0.94
163.55,0.94
163.65,0.94
163.75,0.94
163.84,0.94
163.95,0.94
164.05,0.94
164.16,0.94
164.25,0.94
164.35,0.94
164.45,0.94
164.55,0.94
164.64,0.94
164.75,0.94
164.85,0.94
164.96,0.94
165.05,0.94
165.15,0.94
165.25,0.94
165.34,0.94
165.46,0.94
165.55,0.94
165.65,0.94
165.74,0.94
165.87,0.94
165.97,0.94
166.08,0.94
166.17,0.94
166.27,0.95
166.37,0.95
166.47,0.95
166.57,0.95
166.67,0.95
166.77,0.95
166.86,0.95
166.97,0.95
167.07,0.96
167.17,0.96
167.27,0.96
167.36,0.96
167.47,0.96
167.57,0.96
167.68,0.96
167.77,0.96
167.87,0.96
167.97,0.96
168.07,0.96
168.16,0.96
168.27,0.96
168.37,0.96
168.48,0.96
168.57,0.96
168.67,0.96
168.78,0.96
168.87,0.96
168.97,0.96
169.06,0.96
169.19,0.96
169.28,0.96
169.40,0.96
169.49,0.96
169.59,0.96
169.70,0.96
169.79,0.96
169.89,0.96
169.99,0.96
170.09,0.96
170.19,0.96
170.29,0.96
170.39,0.96
170.49,0.96
170.59,0.96
170.69,0.96
170.80,0.96
170.89,0.96
170.99,0.96
171.09,0.96
171.19,0.96
171.28,0.96
171.39,0.96
171.49,0.96
171.59,0.96
171.69,0.96
171.79,0.96
171.89,0.96
171.99,0.96
172.08,0.96
172.19,0.96
172.29,0.96
172.40,0.96
172.49,0.96
172.59,0.96
172.69,0.96
172.79,0.96
172.88,0.96
173.00,0.96
173.09,0.96
173.20,0.96
173.29,0.96
173.38,0.96
173.49,0.96
173.59,0.96
173.70,0.96
173.79,0.96
173.89,0.96
173.99,0.96
174.09,0.96
174.19,0.96
174.27,0.96
174.41,0.96
174.51,0.96
174.61,0.96
174.71,0.96
174.81,0.96
174.91,0.96
175.01,0.96
175.11,0.96
175.21,0.96
175.31,0.96
175.40,0.96
175.51,0.96
175.61,0.96
175.71,0.97
175.81,0.97
175.91,0.97
176.01,0.97
176.11,0.97
176.21,0.97
176.31,0.97
176.41,0.97
176.50,0.97
176.61,0.97
176.71,0.97
176.82,0.97
176.91,0.96
177.01,0.96
177.11,0.96
177.21,0.96
177.31,0.96
177.41,0.96
177.51,0.96
177.60,0.96
177.71,0.96
177.81,0.96
177.90,0.96
178.01,0.95
178.11,0.95
178.20,0.95
178.31,0.95
178.41,0.95
178.49,0.95
178.63,0.95
178.73,0.95
178.82,0.95
178.95,0.95
179.04,0.95
179.15,0.95
179.25,0.95
179.35,0.95
179.45,0.95
179.55,0.95
179.65,0.94
179.74,0.94
179.85,0.94
179.95,0.94
180.05,0.94
180.14,0.94
180.25,0.94
180.34,0.94
180.46,0.94
180.54,0.94
180.64,0.94
180.76,0.94
180.85,0.94
180.95,0.94
181.05,0.94
181.15,0.94
181.26,0.94
181.35,0.94
181.45,0.94
181.56,0.93
181.65,0.93
181.75,0.93
181.85,0.93
181.95,0.93
182.05,0.93
182.15,0.93
182.25,0.93
182.36,0.93
182.45,0.93
182.55,0.93
182.65,0.93
182.75,0.93
182.85,0.93
182.95,0.93
183.05,0.94
183.15,0.94
183.25,0.94
183.35,0.94
183.45,0.94
183.55,0.94
183.64,0.94
183.75,0.94
183.85,0.94
183.95,0.94
184.05,0.94
184.15,0.94
184.25,0.94
184.35,0.94
184.43,0.94
184.56,0.94
184.67,0.94
184.77,0.94
184.88,0.94
184.97,0.94
185.07,0.94
185.18,0.94
185.27,0.94
185.37,0.94
185.47,0.95
185.57,0.95
185.67,0.95
185.77,0.95
185.87,0.95
185.97,0.95
186.07,0.95
186.17,0.95
186.28,0.95
186.37,0.95
186.46,0.95
186.57,0.95
186.67,0.95
186.77,0.96
186.87,0.96
186.97,0.96
187.05,0.96
187.18,0.96
187.28,0.96
187.39,0.96
187.48,0.96
187.58,0.96
187.69,0.96
187.78,0.96
187.89,0.96
187.99,0.96
188.08,0.96
188.19,0.96
188.28,0.96
188.39,0.96
188.49,0.96
188.59,0.96
188.69,0.96
188.80,0.97
188.89,0.97
188.99,0.97
189.10,0.97
189.19,0.97
189.29,0.97
189.39,0.97
189.49,0.97
189.59,0.97
189.69,0.97
189.79,0.97
189.89,0.97
189.99,0.97
190.09,0.97
190.18,0.97
190.29,0.97
190.39,0.97
190.50,0.97
190.59,0.97
190.69,0.97
190.79,0.97
190.89,0.97
190.98,0.97
191.09,0.97
191.19,0.97
191.29,0.97
191.39,0.97
191.49,0.97
191.59,0.97
191.69,0.97
191.78,0.97
191.89,0.97
191.99,0.97
192.10,0.97
192.19,0.97
192.29,0.97
192.40,0.97
192.49,0.97
192.59,0.97
192.69,0.97
192.79,0.97
192.89,0.97
192.99,0.97
193.09,0.97
193.18,0.97
193.29,0.97
193.39,0.97
193.50,0.97
193.59,0.97
193.69,0.97
193.80,0.97
193.89,0.97
193.99,0.97
194.09,0.97
194.19,0.97
194.29,0.97
194.39,0.97
194.49,0.97
194.59,0.97
194.68,0.97
194.79,0.97
194.90,0.97
194.98,0.97
195.09,0.97
195.20,0.97
195.28,0.97
195.40,0.97
195.49,0.97
195.58,0.97
195.69,0.97
195.78,0.97
195.88,0.97
195.98,0.97
196.09,0.97
196.19,0.97
196.29,0.97
196.39,0.97
196.48,0.97
196.59,0.97
196.70,0.97
196.79,0.97
196.90,0.97
196.98,0.97
197.09,0.97
197.19,0.97
197.29,0.97
197.38,0.97
197.51,0.97
197.61,0.97
197.71,0.97
197.81,0.97
197.91,0.97
198.01,0.97
198.11,0.97
198.19,0.97
198.31,0.97
198.45,0.97
198.55,0.97
198.64,0.97
198.74,0.97
198.86,0.97
198.94,0.97
199.04,0.97
199.14,0.97
199.24,0.97
199.35,0.97
199.44,0.97
199.54,0.97
199.66,0.97
199.74,0.98
199.85,0.98
199.96,0.98
200.04,0.98
200.14,0.98
200.24,0.98
200.34,0.98
200.45,0.98
200.55,0.98
200.65,0.98
200.75,0.98
200.85,0.98
200.95,0.98
201.03,0.98
201.16,0.98
201.28,0.98
201.37,0.98
201.46,0.98
201.56,0.98
201.67,0.98
201.76,0.98
201.87,0.98
201.96,0.98
202.08,0.98
202.17,0.98
202.27,0.98
202.38,0.98
202.46,0.98
202.56,0.98
202.67,0.98
202.76,0.98
202.87,0.97
202.95,0.97
203.08,0.97
203.18,0.97
203.29,0.97
203.38,0.97
203.48,0.97
203.59,0.97
203.68,0.97
203.78,0.97
203.88,0.97
203.98,0.97
204.09,0.97
204.18,0.98
204.28,0.98
204.39,0.98
204.48,0.98
204.58,0.98
204.69,0.98
204.78,0.98
204.88,0.98
204.99,0.98
205.08,0.98
205.18,0.98
205.30,0.98
205.39,0.98
205.49,0.98
205.58,0.98
205.68,0.98
205.78,0.98
205.88,0.98
205.99,0.98
206.09,0.98
206.19,0.98
206.28,0.98
206.38,0.98
206.48,0.98
206.59,0.98
206.68,0.98
206.78,0.98
206.89,0.98
206.98,0.98
207.09,0.98
207.18,0.98
207.28,0.98
207.39,0.98
207.48,0.98
207.58,0.98
207.68,0.98
207.79,0.98
207.88,0.98
207.99,0.98
208.08,0.98
208.18,0.98
208.29,0.98
208.39,0.98
208.49,0.98
208.59,0.98
208.69,0.98
208.79,0.98
208.89,0.98
208.99,0.98
209.09,0.98
209.19,0.98
209.29,0.98
209.38,0.98
209.49,0.98
209.59,0.98
209.69,0.98
209.79,0.98
209.89,0.98
209.99,0.98
210.09,0.98
210.18,0.98
210.29,0.98
210.39,0.98
210.50,0.98
210.59,0.98
210.69,0.98
210.79,0.98
210.89,0.98
210.98,0.98
211.09,0.98
211.18,0.98
211.28,0.98
211.40,0.98
211.49,0.98
211.60,0.98
211.69,0.98
211.78,0.98
211.89,0.98
211.99,0.98
212.08,0.98
212.19,0.98
212.29,0.98
212.40,0.98
212.49,0.98
212.59,0.98
212.70,0.98
212.79,0.98
212.88,0.98
212.99,0.98
213.09,0.98
213.18,0.98
213.29,0.98
213.38,0.98
213.50,0.98
213.59,0.98
213.69,0.98
213.79,0.98
213.89,0.98
213.99,0.98
214.09,0.98
214.19,0.98
214.28,0.98
214.40,0.98
214.49,0.98
214.59,0.98
214.69,0.98
214.79,0.98
214.89,0.98
214.99,0.98
215.09,0.98
215.20,0.98
215.29,0.98
215.38,0.99
215.49,0.99
215.59,0.99
215.67,0.99
215.81,0.99
215.91,0.99
216.01,0.99
216.11,0.99
216.20,0.99
216.31,0.99
216.41,0.99
216.52,0.99
216.61,0.99
216.71,0.99
216.82,0.99
216.91,0.99
217.01,0.99
217.09,0.99
217.23,0.99
217.33,0.99
217.43,0.99
217.53,0.99
217.63,0.99
217.73,0.99
217.83,0.99
217.93,0.99
218.03,0.99
218.13,0.99
218.23,0.99
218.33,0.99
218.42,0.99
218.53,0.99
218.62,0.99
218.73,0.99
218.83,0.99
218.92,0.99
219.03,0.99
219.12,0.99
219.22,0.99
219.32,0.99
219.42,0.99
219.53,0.99
219.62,0.99
219.73,0.99
219.82,0.99
219.92,0.99
220.03,0.99
220.13,0.99
220.23,0.99
220.33,0.99
220.43,0.99
220.54,0.99
220.63,0.99
220.73,0.99
220.83,0.99
220.93,0.99
221.03,0.99
221.13,0.99
221.22,0.99
221.32,0.99
221.44,0.99
221.55,0.99
221.66,0.99
221.75,0.99
221.85,0.99
221.95,0.99
222.05,0.99
222.16,0.99
222.25,0.99
222.36,0.99
222.45,0.99
222.55,0.99
222.64,0.99
222.75,0.99
222.85,0.99
222.95,0.99
223.05,0.99
223.15,0.99
223.26,0.99
223.35,0.99
223.45,0.99
223.55,0.99
223.65,0.99
223.74,0.99
223.85,0.99
223.95,0.99
224.04,0.99
224.15,0.99
224.25,0.99
224.36,0.99
224.45,0.99
224.54,0.99
224.65,0.99
224.75,0.99
224.84,0.99
224.95,0.99
225.05,0.99
225.15,0.99
225.24,0.99
225.35,0.99
225.43,0.99
225.57,0.99
225.67,0.99
225.78,0.99
225.87,0.99
225.97,0.99
226.07,0.99
226.17,0.99
226.26,0.99
226.36,0.99
226.48,0.99
226.58,0.99
226.69,0.99
226.79,0.99
226.88,0.99
227.00,0.99
227.08,0.99
227.19,0.99
227.28,0.99
227.39,0.99
227.48,0.99
227.59,0.99
227.68,0.99
227.78,0.99
227.89,0.99
227.98,0.99
228.08,0.99
228.19,0.99
228.30,0.99
228.38,0.99
228.49,0.99
228.59,0.99
228.69,0.99
228.79,0.99
228.89,0.99
228.99,0.99
229.10,0.99
229.19,0.99
229.29,0.99
229.39,0.99
229.49,0.99
229.58,0.99
229.69,0.99
229.79,0.99
229.89,0.99
229.99,0.99
230.09,0.99
230.19,0.99
230.29,0.99
230.39,0.99
230.49,0.99
230.59,0.99
230.68,0.99
230.79,0.99
230.89,0.99
230.99,0.99
231.09,0.99
231.18,0.99
231.29,0.99
231.38,0.99
231.51,0.99
231.61,0.99
231.70,0.99
231.82,0.99
231.90,0.99
232.00,0.99
232.10,0.99
232.21,0.99
232.31,0.99
232.41,0.99
232.51,0.99
232.61,0.99
232.71,0.99
232.81,0.99
232.91,0.99
233.01,0.99
233.11,0.99
233.21,0.99
233.31,0.99
233.42,0.99
233.51,0.99
233.60,0.99
233.71,0.99
233.81,0.99
233.92,0.99
234.01,0.99
234.11,0.99
234.21,0.99
234.31,0.99
234.40,0.99
234.49,0.99
234.62,0.99
234.73,0.99
234.82,0.99
234.93,0.99
235.03,0.99
235.12,0.99
235.22,0.99
235.32,0.99
235.42,0.99
235.53,0.99
235.63,0.99
235.72,0.99
235.83,0.99
235.93,0.99
236.02,0.99
236.14,0.99
236.22,0.99
236.33,0.99
236.43,0.99
236.52,0.99
236.63,0.99
236.73,0.99
236.83,0.99
236.93,1.00
237.03,1.00
237.13,1.00
237.22,1.00
237.32,1.00
237.43,1.00
237.53,1.00
237.63,1.00
237.72,1.00
237.83,1.00
237.93,1.00
238.04,1.00
238.13,1.00
238.23,1.00
238.33,1.00
238.43,1.00
238.53,1.00
238.63,1.00
238.73,1.00
238.82,1.00
238.93,0.99
239.03,0.99
239.12,0.99
239.23,0.99
239.34,0.99
239.43,0.99
239.53,0.99
239.63,0.99
239.73,0.99
239.83,0.99
239.92,0.99
240.03,0.99
240.13,0.99
240.22,0.99
240.34,0.99
240.45,0.99
240.56,0.99
240.65,0.99
240.75,0.99
240.85,0.99
240.95,0.99
241.05,0.99
241.14,0.99
241.25,0.99
241.35,0.99
241.45,0.99
241.55,0.99
241.66,0.99
241.75,0.99
241.85,0.99
241.96,0.99
242.05,0.99
242.15,0.99
242.25,0.99
242.34,0.99
242.44,0.99
242.55,0.99
242.65,0.99
242.75,0.99
242.85,0.99
242.95,0.99
243.05,0.99
243.14,0.99
243.24,0.99
243.35,0.99
243.45,0.99
243.56,0.99
243.65,0.99
243.75,0.99
243.85,0.99
243.95,0.99
244.04,0.99
244.15,0.99
244.25,0.99
244.36,0.99
244.45,0.99
244.56,0.99
244.63,0.99
244.77,0.99
244.87,0.99
244.97,0.99
245.07,0.99
245.17,0.99
245.27,0.99
245.37,0.99
245.48,0.99
245.57,0.99
245.67,0.99
245.77,0.99
245.87,0.99
245.97,0.99
246.07,0.99
246.17,0.99
246.27,0.99
246.37,0.99
246.47,0.99
246.56,0.99
246.67,0.99
246.77,0.99
246.88,0.99
246.97,0.99
247.07,0.99
247.17,0.99
247.27,0.99
247.37,0.99
247.47,0.99
247.57,0.99
247.67,0.99
247.77,0.99
247.87,0.99
247.96,0.99
248.09,0.99
248.19,0.99
248.30,0.99
248.38,0.99
248.48,0.99
248.58,0.99
248.68,0.99
248.79,0.99
248.88,0.99
248.99,0.99
249.09,0.99
249.19,0.99
249.29,0.99
249.39,0.99
249.49,0.99
249.59,0.99
249.70,0.99
249.79,0.99
249.89,0.99
249.97,0.99
250.11,0.99
250.20,1.00
250.31,1.00
250.40,1.00
250.50,1.00
250.60,0.99
250.70,0.99
250.80,0.99
250.91,0.99
251.01,0.99
251.11,0.99
251.21,0.99
251.30,0.99
251.41,0.99
251.50,0.99
251.60,0.99
251.71,0.99
251.81,0.99
251.91,0.99
252.01,0.99
252.10,0.99
252.22,0.99
252.30,0.99
252.41,0.99
252.51,0.99
252.61,0.99
252.71,0.99
252.80,0.99
252.91,1.00
253.01,1.00
253.11,1.00
253.21,1.00
253.31,1.00
253.41,1.00
253.51,1.00
253.61,1.00
253.71,1.00
253.81,1.00
253.91,1.00
254.01,1.00
254.12,1.00
254.21,1.00
254.31,1.00
254.41,1.00
254.51,1.00
254.61,1.00
254.71,1.00
254.81,1.00
254.91,1.00
255.01,1.00
255.11,1.00
255.21,1.00
255.31,1.00
255.41,1.00
255.50,1.00
255.61,1.00
255.71,1.00
255.80,1.00
255.91,1.00
256.01,1.00
256.09,1.00
256.22,1.00
256.32,1.00
256.44,1.00
256.52,1.00
256.63,1.00
256.72,1.00
256.83,1.00
256.93,1.00
257.03,1.00
257.12,1.00
257.23,1.00
257.33,1.00
257.43,1.00
257.53,1.00
257.63,1.00
257.73,1.00
257.83,1.00
257.93,1.00
258.04,1.00
258.13,1.00
258.23,1.00
258.33,1.00
258.43,1.00
258.52,1.00
258.63,1.00
258.73,1.00
258.82,1.00
258.93,1.00
259.03,1.00
259.14,1.00
259.23,1.00
259.33,1.00
259.43,1.00
259.53,1.00
259.63,1.00
259.73,1.00
259.83,1.00
259.92,1.00
260.03,1.00
260.13,1.00
260.21,1.00
260.34,1.00
260.44,1.00
260.54,1.00
260.64,1.00
260.75,1.00
260.85,1.00
260.95,1.00
261.06,1.00
261.15,0.99
261.25,0.99
261.36,0.99
261.45,0.99
261.55,0.99
261.65,0.99
261.75,0.99
261.85,0.99
261.95,0.99
262.05,0.99
262.15,1.00
262.25,1.00
262.35,1.00
262.46,1.00
262.55,1.00
262.65,1.00
262.75,1.00
262.85,1.00
262.94,1.00
263.05,1.00
263.15,1.00
263.24,1.00
263.35,1.00
263.45,1.00
263.56,1.00
263.65,1.00
263.75,1.00
263.83,1.00
263.96,1.00
264.07,1.00
264.16,1.00
264.26,1.00
264.36,1.00
264.47,1.00
264.57,1.00
264.66,1.00
264.77,1.00
264.87,1.00
264.98,1.00
265.07,1.00
265.17,1.00
265.28,1.00
265.37,1.00
265.46,1.00
